c1
c2 c1 rc2
c3 c1 rc3 c2 ac3
c4 c2 rc4 c1 ac4 c3 0.0
c5 c3 rc5 c1 ac5 c2 0.0
c6 c4 rc6 c5 ac6 c3 180.0
c7 c5 rc7 c4 ac7 c2 180.0
c8 c6 rc8 c4 ac8 c5 0.0
c9 c7 rc9 c5 ac9 c4 0.0
c10 c8 rc10 c6 ac10 c4 0.0
h1 c1 rh1 c2 ah1 c4 180.0
h2 c2 rh2 c4 ah2 c5 180.0
h3 c3 rh3 c5 ah3 c4 180.0
h4 c6 rh4 c4 ah4 c5 180.0
h5 c7 rh5 c5 ah5 c4 180.0
h6 c8 rh6 c6 ah6 c4 180.0
h7 c9 rh7 c7 ah7 c5 180.0
h8 c10 rh8 c8 ah8 c6 180.0
V:
 rc2=1.40438831
 rc3=1.40449283
 ac3=109.92381859
 rc4=1.40530352
 ac4=108.52208617
 rc5=1.40545618
 ac5=108.51712667
 rc6=1.3918633
 ac6=127.37062602
 rc7=1.39203852
 ac7=127.32504442
 rc8=1.39807743
 ac8=129.06165119
 rc9=1.39812601
 ac9=129.05883237
 rc10=1.39808008
 ac10=128.67214861
 rh1=1.08500038
 ah1=125.04077183
 rh2=1.08371188
 ah2=125.15909571
 rh3=1.08366946
 ah3=125.16744179
 rh4=1.09002935
 ah4=115.27817243
 rh5=1.09004137
 ah5=115.2866237
 rh6=1.08782172
 ah6=115.65089659
 rh7=1.08782202
 ah7=115.64413436
 rh8=1.08900039
 ah8=115.09245648
